1 591 981 111 325
1 592 981 111 325
1 593 981 111 325
1 594 981 111 325
1 595 981 111 325
1 596 981 111 325
1 597 981 111 325
1 598 981 111 325
1 599 981 111 325
1 600 981 111 325
1 601 981 111 325
1 602 981 111 325
1 603 981 111 325
1 604 981 111 325
1 605 981 111 325
1 606 981 111 325
1 607 981 111 325
1 608 981 111 325
1 609 981 111 325
1 610 981 111 325
1 611 981 111 325
1 612 981 111 325
1 613 981 111 325
1 614 981 111 325
1 615 981 111 325
1 616 981 111 325
1 617 981 111 325
1 618 981 111 325
1 619 981 111 325
1 620 981 111 325
1 621 981 111 325
1 622 981 111 325
1 623 981 111 325
1 624 981 111 325
1 625 981 111 325
1 626 981 111 325
1 627 981 111 325
1 628 981 111 325
1 629 981 111 325
1 630 981 111 325
1 631 981 111 325
1 632 981 111 325
1 633 981 111 325
1 634 981 111 325
1 635 981 111 325
1 636 981 111 325
1 637 981 111 325
1 638 981 111 325
1 639 981 111 325
1 640 981 111 325
1 641 981 111 325
1 642 981 111 325
1 643 981 111 325
1 644 981 111 325
1 645 981 111 325
1 646 981 111 325
1 647 981 111 325
1 648 981 111 325
1 649 981 111 325
1 650 981 111 325
1 651 981 111 325
1 652 981 111 325
1 653 981 111 325
1 654 981 111 325
1 655 981 111 325
1 656 981 111 325
1 657 981 111 325
1 658 981 111 325
1 659 981 111 325
1 660 981 111 325
1 661 981 111 325
1 662 981 111 325
1 663 981 111 325
1 664 981 111 325
1 665 981 111 325
1 666 981 111 325
1 667 981 111 325
1 668 981 111 325
1 669 981 111 325
1 670 981 111 325
1 671 981 111 325
1 672 981 111 325
1 673 981 111 325
1 674 981 111 325
1 675 981 111 325
1 676 981 111 325
1 677 981 111 325
1 678 981 111 325
1 679 981 111 325
1 680 981 111 325
1 681 981 111 325
1 682 981 111 325
1 683 981 111 325
1 684 981 111 325
1 685 981 111 325
1 686 981 111 325
1 687 981 111 325
1 688 981 111 325
1 689 981 111 325
1 690 981 111 325
1 691 981 111 325
1 692 981 111 325
1 693 981 111 325
1 694 981 111 325
1 695 981 111 325
1 696 981 111 325
1 697 981 111 325
1 698 981 111 325
1 699 981 111 325
1 700 981 111 325
1 701 981 111 325
1 702 981 111 325
1 703 981 111 325
1 704 981 111 325
1 705 981 111 325
1 706 981 111 325
1 707 981 111 325
1 708 981 111 325
1 709 981 111 325
1 710 981 111 325
1 711 981 111 325
1 712 981 111 325
1 713 981 111 325
1 714 981 111 325
1 715 981 111 325
1 716 981 111 325
1 717 981 111 325
1 718 981 111 325
1 719 981 111 325
1 720 981 111 325
1 721 981 111 325
1 722 981 111 325
1 723 981 111 325
1 724 981 111 325
1 725 981 111 325
1 726 981 111 325
1 727 981 111 325
1 728 981 111 325
1 729 981 111 325
1 730 981 111 325
1 731 981 111 325
1 732 981 111 325
1 733 981 111 325
1 734 981 111 325
1 735 981 111 325
1 736 981 111 325
1 737 981 111 325
1 738 981 111 325
1 739 981 111 325
1 740 981 111 325
1 741 981 111 325
1 742 981 111 325
1 743 981 111 325
1 744 981 111 325
1 745 981 111 325
1 746 981 111 325
1 747 981 111 325
1 748 981 111 325
1 749 981 111 325
1 750 981 111 325
1 751 981 111 325
1 752 981 111 325
1 753 981 111 325
1 754 981 111 325
1 755 981 111 325
1 756 981 111 325
1 757 981 111 325
1 758 981 111 325
1 759 981 111 325
1 760 981 111 325
1 761 981 111 325
1 762 981 111 325
1 763 981 111 325
1 764 981 111 325
1 765 981 111 325
1 766 981 111 325
1 767 981 111 325
1 768 981 111 325
1 769 981 111 325
1 770 981 111 325
1 771 981 111 325
1 772 981 111 325
1 773 981 111 325
1 774 981 111 325
1 775 981 111 325
1 776 981 111 325
1 777 981 111 325
1 778 981 111 325
1 779 981 111 325
1 780 981 111 325
1 781 981 111 325
1 782 981 111 325
1 783 981 111 325
1 784 981 111 325
1 785 981 111 325
1 786 981 111 325
1 787 981 111 325
1 788 981 111 325
1 789 981 111 325
1 790 981 111 325
1 791 981 111 325
1 792 981 111 325
1 793 981 111 325
1 794 981 111 325
1 795 981 111 325
1 796 981 111 325
1 797 981 111 325
1 798 981 111 325
1 799 981 111 325
1 800 981 111 325
1 801 981 111 325
1 802 981 111 325
1 803 981 111 325
1 804 981 111 325
1 805 981 111 325
1 806 981 111 325
1 807 981 111 325
1 808 981 111 325
1 809 981 111 325
1 810 981 111 325
1 811 981 111 325
1 812 981 111 325
1 813 981 111 325
1 814 981 111 325
1 815 981 111 325
1 816 981 111 325
1 817 981 111 325
1 818 981 111 325
1 819 981 111 325
1 820 981 111 325
1 821 981 111 325
1 822 981 111 325
1 823 981 111 325
1 824 981 111 325
1 825 981 111 325
1 826 981 111 325
1 827 981 111 325
1 828 981 111 325
1 829 981 111 325
1 830 981 111 325
1 831 981 111 325
1 832 981 111 325
1 833 981 111 325
1 834 981 111 325
1 835 981 111 325
1 836 981 111 325
1 837 981 111 325
1 838 981 111 325
1 839 981 111 325
1 840 981 111 325
1 841 981 111 325
1 842 981 111 325
1 843 981 111 325
1 844 981 111 325
1 845 981 111 325
1 846 981 111 325
1 847 981 111 325
1 848 981 111 325
1 849 981 111 325
1 850 981 111 325
1 851 981 111 325
1 852 981 111 325
1 853 981 111 325
1 854 981 111 325
1 855 981 111 325
1 856 981 111 325
1 857 981 111 325
1 858 981 111 325
1 859 981 111 325
1 860 981 111 325
1 861 981 111 325
1 862 981 111 325
1 863 981 111 325
1 864 981 111 325
1 865 981 111 325
1 866 981 111 325
1 867 981 111 325
1 868 981 111 325
1 869 981 111 325
1 870 981 111 325
1 871 981 111 325
1 872 981 111 325
1 873 981 111 325
1 874 981 111 325
1 875 981 111 325
1 876 981 111 325
1 877 981 111 325
1 878 981 111 325
1 879 981 111 325
1 880 981 111 325
1 881 981 111 325
1 882 981 111 325
1 883 981 111 325
1 884 981 111 325
1 885 981 111 325
1 886 981 111 325
1 887 981 111 325
1 888 981 111 325
1 889 981 111 325
1 890 981 111 325
1 891 981 111 325
1 892 981 111 325
1 893 981 111 325
1 894 981 111 325
1 895 981 111 325
1 896 981 111 325
1 897 981 111 325
1 898 981 111 325
1 899 981 111 325
1 900 981 111 325
1 901 981 111 325
1 902 981 111 325
1 903 981 111 325
1 904 981 111 325
1 905 981 111 325
1 906 981 111 325
1 907 981 111 325
1 908 981 111 325
1 909 981 111 325
1 910 981 111 325
1 911 981 111 325
1 912 981 111 325
1 913 981 111 325
1 914 981 111 325
1 915 981 111 325
1 916 981 111 325
1 917 981 111 325
1 918 981 111 325
1 919 981 111 325
1 920 981 111 325
1 921 981 111 325
1 922 981 111 325
1 923 981 111 325
1 924 981 111 325
1 925 981 111 325
1 926 981 111 325
1 927 981 111 325
1 928 981 111 325
1 929 981 111 325
1 930 981 111 325
1 931 981 111 325
1 932 981 111 325
1 933 981 111 325
1 934 981 111 325
1 935 981 111 325
1 936 981 111 325
1 937 981 111 325
1 938 981 111 325
1 939 981 111 325
1 940 981 111 325
1 941 981 111 325
1 942 981 111 325
1 943 981 111 325
1 944 981 111 325
1 945 981 111 325
1 946 981 111 325
1 947 981 111 325
1 948 981 111 325
1 949 981 111 325
1 950 981 111 325
1 951 981 111 325
1 952 981 111 325
1 953 981 111 325
1 954 981 111 325
1 955 981 111 325
1 956 981 111 325
1 957 981 111 325
1 958 981 111 325
1 959 981 111 325
1 960 981 111 325
1 961 981 111 325
1 962 981 111 325
1 963 981 111 325
1 964 981 111 325
1 965 981 111 325
1 966 981 111 325
1 967 981 111 325
1 968 981 111 325
1 969 981 111 325
1 970 981 111 325
1 971 981 111 325
1 972 981 111 325
1 973 981 111 325
1 974 981 111 325
1 975 981 111 325
1 976 981 111 325
1 977 981 111 325
1 978 981 111 325
1 979 981 111 325
1 980 981 111 325
1 981 981 111 325
